-0.03250858187675476074218750000000
1.33032345771789550781250000000000
-1.32671618461608886718750000000000
-0.03536318242549896240234375000000
0.99646246433258056640625000000000
1.29429483413696289062500000000000
0.25680452585220336914062500000000
-0.18303702771663665771484375000000
1.31100392341613769531250000000000
1.02325749397277832031250000000000
-1.33534109592437744140625000000000
1.14128506183624267578125000000000
1.37448573112487792968750000000000
0.10397017747163772583007812500000
0.08250275254249572753906250000000
-0.68234747648239135742187500000000
0.26726964116096496582031250000000
0.02559873089194297790527343750000
-0.04218104109168052673339843750000
-1.31082272529602050781250000000000
-1.37534034252166748046875000000000
1.33716654777526855468750000000000
0.59246069192886352539062500000000
0.01160338055342435836791992187500
-0.39301607012748718261718750000000
-0.00041934612090699374675750732422
0.06110627949237823486328125000000
-1.29826927185058593750000000000000
-0.00685637816786766052246093750000
0.00890422891825437545776367187500
-1.30015277862548828125000000000000
-1.26212906837463378906250000000000
